
IDE:    1.8.19
BOARD:  UNO R3
NOTE:   random numbers may differ


luhn_generate.ino
LUHN_LIB_VERSION: 0.2.2

1	1	1100	42.31	12348972374269212552212838
1	1	1108	42.62	12340255115862943320704846
1	1	1100	42.31	12343809706535624636248250
1	1	1096	42.15	12347619316458354897871093
1	1	1100	42.31	12345981080154351517095650
1	1	1100	42.31	12345540159983731325267497
1	1	1100	42.31	12341618724369596333725526
1	1	1100	42.31	12346234886656205474204398
1	1	1100	42.31	12340831218384871176284395
1	1	1100	42.31	12340125037954100780160778
1	1	1104	42.46	12344696094640111155074819
1	1	1104	42.46	12347722033677897993186618

etc
