dhtnew_pulse_diag_ext.ino


===================================
awake 2 3 4 14
13
12
11
10
9
8
7
6
5
4
3
2
1
5 6 7 

RUN:	1
IDX:	89
WAKEUP
	1280	8	76	56	60	24
HUM
	20	80	52	76	64	24	52	36	44	36	44	28	52	28	52	28
	52	24	52	28	72	64	72	16	56	68	52	80	52	68	52	80
RAW H:	0b1100000000101111 = 0xC02F = 49199 = 4919.9%

TEMP
	52	28	52	72	60	28	52	76	52	80	52	68	52	80	52	72
	52	68	64	16	52	7340	8	152	12	144	12	136	12	144	12	92
RAW T:	0b101111110111111 = 0x5FBF = 24511 = 2451.1C

CRC
	20	92	12	92	12	92	12	100
	16	96	8	96	8	96	8	124
CRC:	0b11111111 = 255 <=> 13


BYE
	28	4


===================================
awake 2 3 4 5 6 7 

RUN:	2
IDX:	89
WAKEUP
	1296	12	44	76	60	24
HUM
	36	20	68	20	52	24	56	24	52	28	52	36	44	76	52	28
	60	80	52	24	56	68	52	88	44	72	52	88	44	68	60	16
RAW H:	0b1010111110 = 0x2BE = 702 = 70.2%

TEMP
	72	24	52	28	52	28	60	20	60	20	52	24	56	24	56	24
	72	72	52	28	52	76	52	72	52	72	52	80	56	68	56	24
RAW T:	0b10111110 = 0xBE = 190 = 19.0C

CRC
	64	28	52	68	64	72	52	68
	52	80	52	72	52	72	52	44
CRC:	0b1111110 = 126 <=> 126


BYE
	52	4
